fname,label,length,Acoustic_guitar,Bass_drum,Cello,Clarinet,Double_bass,Flute,Hi-hat,Saxophone,Snare_drum,Violin_or_fiddle,pred_label
5388d14d.wav,Saxophone,4.14,0.007270917762070894,0.024197308346629143,0.026935342699289322,0.005585255566984415,0.006734736263751984,0.08004570007324219,0.07621448487043381,0.6928431391716003,0.012708215042948723,0.0674649029970169,Saxophone
c685f05f.wav,Saxophone,1.54,0.04009907320141792,0.010908838361501694,0.0605245940387249,0.01261820551007986,0.021648695692420006,0.12183856964111328,0.055055711418390274,0.4383522868156433,0.09372439980506897,0.14522966742515564,Saxophone
36d20ab5.wav,Saxophone,4.8905625,0.004539539571851492,0.001250504283234477,0.013093773275613785,0.0034772276412695646,0.0029254071414470673,0.015760360285639763,0.00013499193300958723,0.9305806756019592,0.02268928848206997,0.005548045039176941,Saxophone
d6665734.wav,Saxophone,10.1658125,0.023919299244880676,0.0011439445661380887,0.014611668884754181,0.00010996640048688278,0.00298303016461432,0.013502159155905247,1.8029918464890216e-06,0.9288654327392578,0.0062243337742984295,0.008638469502329826,Saxophone
7352e28f.wav,Saxophone,6.24,0.0008369800634682178,1.790452301975165e-07,2.213634979852941e-05,2.4499535356881097e-05,0.000173964086570777,0.01210436038672924,3.647693692238052e-12,0.9867792725563049,2.026658876275178e-06,5.665905337082222e-05,Saxophone
8fa096bf.wav,Saxophone,3.7,0.025707973167300224,0.009790192358195782,0.04137579724192619,0.004493401385843754,0.011554044671356678,0.022709526121616364,0.008637499995529652,0.777188241481781,0.043918028473854065,0.054625317454338074,Saxophone
2f9c5f62.wav,Saxophone,4.2180625,0.0030727609992027283,3.0060732569836546e-06,0.00034357773256488144,0.04714769497513771,0.0005465932190418243,0.012206348590552807,3.192897793269367e-06,0.9213024377822876,0.014437206089496613,0.0009370205225422978,Saxophone
9cd05a2b.wav,Saxophone,15.22,0.0006306483410298824,5.640679592033848e-05,0.0008020948735065758,0.0003210710419807583,0.0002759713097475469,0.015675101429224014,9.060361480806023e-05,0.977286696434021,0.0002083689469145611,0.004653251264244318,Saxophone
ab465bf9.wav,Saxophone,15.4,3.192832082277164e-05,2.2637350411969237e-06,0.0001270928478334099,7.442683454428334e-06,0.0003449218347668648,0.011049040593206882,5.325256902111164e-10,0.9883689284324646,4.315153546485817e-06,6.402754661394283e-05,Saxophone
c40632d7.wav,Saxophone,11.3,0.02872873842716217,0.044265661388635635,0.0854589194059372,0.015598706901073456,0.04365307465195656,0.05979428440332413,0.0016997194616124034,0.5172914862632751,0.07803063094615936,0.12547864019870758,Saxophone
3a80061f.wav,Saxophone,7.335875,0.0454140305519104,0.0012449988862499595,0.016698621213436127,0.006051014643162489,0.001106498297303915,0.08140665292739868,0.000669604167342186,0.8090136051177979,0.022691665217280388,0.015703435987234116,Saxophone
dba6817d.wav,Saxophone,3.2971875,0.0025558127090334892,0.000283344677882269,0.028537454083561897,0.0019293379737064242,0.0011793700978159904,0.005955836270004511,9.535519347991794e-05,0.9540778994560242,0.004724775440990925,0.0006606300012208521,Saxophone
25f26095.wav,Saxophone,2.04,0.02110888808965683,0.01679517701268196,0.048490025103092194,0.006258124019950628,0.1174619048833847,0.023784268647432327,0.002371725160628557,0.6123827695846558,0.05985463410615921,0.09149251133203506,Saxophone
37cebbd4.wav,Saxophone,6.16,4.629533214028925e-05,2.1575830032816157e-05,0.0004366951761767268,0.00010798131552292034,0.0007578252116218209,0.008196432143449783,1.2288127493320644e-07,0.9894312620162964,0.00014788124826736748,0.0008538140100426972,Saxophone
f8d96888.wav,Saxophone,7.1076875,0.10807457566261292,0.00020618904090952128,0.026519589126110077,0.0018090561497956514,0.007594394031912088,0.026628436520695686,4.582947076414712e-05,0.7829293012619019,0.021475644782185555,0.02471713162958622,Saxophone
d94c94f0.wav,Saxophone,3.74,0.01669401116669178,0.003172206226736307,0.028383081778883934,0.0036027966998517513,0.0021244145464152098,0.017623264342546463,0.000220986403292045,0.8442186117172241,0.05275322124361992,0.031207412481307983,Saxophone
ec6afeb6.wav,Saxophone,11.88,0.000484258373035118,5.150692231836729e-06,0.00016711396165192127,6.973037670832127e-06,0.00012287440767977387,0.0023470278829336166,3.6059177865865877e-10,0.9957602024078369,3.874908998113824e-06,0.0011023443657904863,Saxophone
5f0dc8e4.wav,Saxophone,4.0736875,0.00043659756192937493,5.423619331423879e-09,7.233496580738574e-05,0.0006944189080968499,1.88544399861712e-05,0.007842257618904114,9.588413618644154e-09,0.9565213322639465,0.00011691751569742337,0.03429717570543289,Saxophone
b8c0a88a.wav,Saxophone,4.244875,0.007834555581212044,0.00031977161415852606,0.05875323340296745,0.0069565000012516975,0.0007477374165318906,0.07081993669271469,0.0001351021055597812,0.8483569025993347,0.003573135007172823,0.002503315918147564,Saxophone
96dad435.wav,Saxophone,10.02,0.00020520630641840398,8.903017260308843e-06,3.2669348001945764e-05,0.0006745499558746815,0.00019067327957600355,0.003379116766154766,5.1873495721110885e-08,0.9951540231704712,7.121415546862409e-05,0.00028360914438962936,Saxophone
b120dc90.wav,Saxophone,3.74,0.003951596561819315,0.003709969110786915,0.025481993332505226,0.0021208920516073704,0.002020918997004628,0.010884921997785568,0.00011077125236624852,0.8997339010238647,0.0021330155432224274,0.049851931631565094,Saxophone
c1948f24.wav,Saxophone,8.28,4.84893171233125e-05,8.90856608748436e-06,0.0004735030233860016,0.0004853034333791584,0.015819750726222992,0.09466349333524704,1.2097500245999981e-07,0.8883875608444214,5.363056970963953e-06,0.00010767054482130334,Saxophone
ac097834.wav,Saxophone,1.7743125,0.030708543956279755,0.004418734926730394,0.009258119389414787,0.0012174040311947465,0.032755739986896515,0.026621591299772263,3.832866184438899e-07,0.8939394950866699,0.00018567296501714736,0.0008943683933466673,Saxophone
4345851e.wav,Saxophone,11.24,0.030943477526307106,9.004048479255289e-05,0.017097437754273415,0.0002882860426325351,0.003995795734226704,0.025608908385038376,1.4320845309612196e-07,0.9085918068885803,0.01022305153310299,0.003161279484629631,Saxophone
5d4f8187.wav,Saxophone,5.38,0.012389271520078182,0.0016483885701745749,0.019163282588124275,0.0053247446194291115,0.0051107462495565414,0.015484528616070747,0.0001718508719932288,0.9170576333999634,0.0034980985801666975,0.020151494070887566,Saxophone
b83049f4.wav,Saxophone,6.66,0.029918907210230827,0.004537944216281176,0.03863000124692917,0.004373544827103615,0.010400134138762951,0.025977538898587227,0.0003606986429076642,0.8273540139198303,0.021581124514341354,0.036866195499897,Saxophone
c1c3c8b9.wav,Saxophone,13.58,0.0024682339280843735,3.538578312145546e-05,0.0004050879506394267,1.696641447779257e-05,0.002389374654740095,0.010540956631302834,1.8584826733114568e-10,0.9835391640663147,2.324804154341109e-05,0.0005816388293169439,Saxophone
78a86075.wav,Saxophone,5.5281875,0.05262189358472824,0.002365053864195943,0.01933477632701397,0.0017798764165490866,0.004109226632863283,0.008874375373125076,0.00013003624917473644,0.8747762441635132,0.003605279605835676,0.032403066754341125,Saxophone
f0d315bc.wav,Saxophone,4.42,0.02377324178814888,0.0009913853136822581,0.03416867181658745,0.005187958013266325,0.001483664382249117,0.0366116501390934,0.0004074711469002068,0.8407999277114868,0.02587692067027092,0.03069918230175972,Saxophone
9c0838c1.wav,Saxophone,8.6331875,0.034051500260829926,0.0006961440085433424,0.022568045184016228,0.0015589459799230099,0.004487467929720879,0.026163050904870033,0.0003575263253878802,0.8553426861763,0.04192119836807251,0.012853309512138367,Saxophone
d6144e01.wav,Violin_or_fiddle,2.053,6.92956291459268e-06,1.2652339245744493e-11,4.698723330420762e-07,0.0005458287196233869,4.88699303247131e-10,5.513696578418603e-06,7.419740200020897e-08,0.00010005453077610582,0.00010426682274555787,0.9992367625236511,Violin_or_fiddle
cfb9c5fd.wav,Violin_or_fiddle,3.178125,0.06565184891223907,0.01022674422711134,0.14747354388237,0.015462670475244522,0.003918133210390806,0.032159022986888885,0.00030810025054961443,0.049187999218702316,0.1133851706981659,0.5622268915176392,Violin_or_fiddle
c6865306.wav,Violin_or_fiddle,18.649875,0.04955590143799782,0.0012056543491780758,0.1174021065235138,0.00875263661146164,0.0043895309790968895,0.02390829287469387,0.017358843237161636,0.14889521896839142,0.047052834182977676,0.5814790725708008,Violin_or_fiddle
642aba58.wav,Violin_or_fiddle,0.7349375,0.1603495180606842,0.0005806056433357298,0.019122766330838203,0.0021630676928907633,0.007255985401570797,0.019165104255080223,6.393948410732264e-07,0.12743066251277924,0.010279005393385887,0.6536526679992676,Violin_or_fiddle
848faca3.wav,Violin_or_fiddle,1.74,0.013188771903514862,0.003187050810083747,0.025334296748042107,0.0008078478276729584,0.0024119080044329166,0.0003662261296994984,2.0580493583111092e-05,0.003339915769174695,0.015136269852519035,0.9362072348594666,Violin_or_fiddle
7eb9dac0.wav,Violin_or_fiddle,7.625375,0.008223433047533035,0.004846693016588688,0.01253203209489584,0.0010683211730793118,0.0032897586934268475,0.000764188589528203,0.00046528695384040475,0.001962862443178892,0.04913780093193054,0.9177096486091614,Violin_or_fiddle
8d7d7dba.wav,Violin_or_fiddle,6.2515,0.020169146358966827,0.007624258752912283,0.023516757413744926,0.0032403564546257257,0.00263687944971025,0.008450120687484741,0.0005244242493063211,0.031053941696882248,0.01989782229065895,0.8828862905502319,Violin_or_fiddle
2424ad60.wav,Violin_or_fiddle,4.5,0.007536627817898989,0.0061111245304346085,0.012883364222943783,0.01447179913520813,0.0015956164570525289,0.028235625475645065,0.0002705965016502887,0.0076862056739628315,0.02717399410903454,0.8940351009368896,Violin_or_fiddle
ba648ac1.wav,Violin_or_fiddle,1.62,0.03238828480243683,0.0033723991364240646,0.030836578458547592,0.0007144449627958238,0.003030413528904319,0.00033897871617227793,9.100741408474278e-06,0.0025356425903737545,0.016403479501605034,0.9103706479072571,Violin_or_fiddle
2e4a9850.wav,Violin_or_fiddle,0.415625,0.02788890153169632,0.0047896974720060825,0.05214324966073036,0.007611953187733889,0.0017166101606562734,0.0021063166204839945,0.0020442844834178686,0.01616007089614868,0.09467107057571411,0.790867805480957,Violin_or_fiddle
2cc8683d.wav,Violin_or_fiddle,6.19125,0.006597704719752073,0.0035518270451575518,0.009309718385338783,0.0012333996128290892,0.0017673334805294871,0.000398142117774114,3.11439398501534e-05,0.0016020333860069513,0.00700331712141633,0.9685054421424866,Violin_or_fiddle
7b6a119e.wav,Violin_or_fiddle,1.5563125,0.007891692221164703,0.0009619199554435909,0.009517919272184372,0.023644035682082176,0.00030804506968706846,0.06731048226356506,0.0006334364879876375,0.022381054237484932,0.08577936142683029,0.7815721035003662,Violin_or_fiddle
68589f79.wav,Violin_or_fiddle,3.0,0.006831715814769268,0.02783198468387127,0.01502268761396408,0.0003942831535823643,0.00554832024499774,0.0002764450910035521,2.2503099899040535e-05,0.0006145667284727097,0.0030410245526582003,0.9404165148735046,Violin_or_fiddle
fec00143.wav,Violin_or_fiddle,6.28,0.0008766252431087196,0.00016229368338827044,0.0024253306910395622,0.002863110275939107,0.00012739872909151018,0.0339193269610405,3.975736035499722e-05,0.004611927084624767,0.0005092117353342474,0.9544651508331299,Violin_or_fiddle
1b24c166.wav,Violin_or_fiddle,3.5,0.029260559007525444,0.04866109788417816,0.05540451407432556,0.0037639772053807974,0.013142351061105728,0.0041901427321136,0.0021735522896051407,0.011354465037584305,0.04009134694933891,0.7919579148292542,Violin_or_fiddle
6eb59008.wav,Violin_or_fiddle,1.46,0.01049204170703888,0.046968042850494385,0.03462184593081474,0.052182406187057495,0.009977392852306366,0.10388430207967758,0.10226035118103027,0.01799130253493786,0.07496760785579681,0.5466547012329102,Violin_or_fiddle
0e7cd4eb.wav,Violin_or_fiddle,6.0678125,0.031179683282971382,0.0015447959303855896,0.0522785522043705,0.003037108341231942,0.023712901398539543,0.013717768713831902,5.090610102342907e-06,0.13057033717632294,0.013515067286789417,0.7304385304450989,Violin_or_fiddle
56e79c6f.wav,Violin_or_fiddle,15.816375,0.006810661405324936,0.000697344250511378,0.04792128503322601,0.014607962220907211,0.0005175293190404773,0.043873559683561325,0.07042944431304932,0.05278546363115311,0.0054140896536409855,0.7569423913955688,Violin_or_fiddle
cdc5fe8e.wav,Violin_or_fiddle,1.5,0.09744959324598312,0.005085564684122801,0.02514423243701458,0.009144226089119911,0.02851223386824131,0.054331906139850616,0.0004569512384478003,0.08410332351922989,0.006718299351632595,0.6890536546707153,Violin_or_fiddle
b38409bb.wav,Violin_or_fiddle,0.410125,8.864966366672888e-05,4.5737145626389974e-08,0.0001084499599528499,0.000603088759817183,3.3395462395446884e-08,3.558506432455033e-05,7.012653782112466e-07,0.00040032874676398933,0.00013294101518113166,0.9986302256584167,Violin_or_fiddle
c8c117dc.wav,Violin_or_fiddle,1.34,0.11921554058790207,0.007861189544200897,0.11373027414083481,0.006597121246159077,0.011035733856260777,0.008875187486410141,0.002384745515882969,0.016103606671094894,0.07045352458953857,0.643743097782135,Violin_or_fiddle
b73c3595.wav,Violin_or_fiddle,2.0469375,0.0022903508506715298,6.256009510252625e-05,0.0013226282317191362,0.003082338720560074,7.555835327366367e-05,0.00014408417337108403,2.7397550184105057e-06,0.0011145087191835046,0.0020079673267900944,0.9898971319198608,Violin_or_fiddle
d84c8c43.wav,Violin_or_fiddle,3.6893125,0.004820029251277447,0.010077912360429764,0.013265030458569527,0.0004643902357202023,0.0028834803961217403,0.00020612988737411797,1.8371132682659663e-05,0.0012691621668636799,0.005356442183256149,0.9616391062736511,Violin_or_fiddle
d914225a.wav,Violin_or_fiddle,4.02,0.15467913448810577,0.007323333062231541,0.054139263927936554,0.0019213010091334581,0.0944628044962883,0.004921873100101948,2.3909815354272723e-05,0.03404085710644722,0.004041505046188831,0.6444460153579712,Violin_or_fiddle
1148986e.wav,Violin_or_fiddle,1.1944375,0.3009783923625946,0.0046403128653764725,0.0490967258810997,0.003606681013479829,0.005881936755031347,0.006549437530338764,5.113015959068434e-06,0.0966518372297287,0.09856759756803513,0.4340219497680664,Violin_or_fiddle
e3f479f3.wav,Violin_or_fiddle,14.2633125,0.006345976144075394,0.0010319310240447521,0.037059225142002106,0.010949474759399891,0.004218569491058588,0.061180297285318375,0.09150785207748413,0.05702080577611923,0.04136965423822403,0.6893161535263062,Violin_or_fiddle
aab28420.wav,Violin_or_fiddle,2.68,0.0046296860091388226,0.013899015262722969,0.013112961314618587,0.0004601599648594856,0.003257698379456997,0.0003775423392653465,2.5656587240519002e-05,0.0019175175111740828,0.004034010227769613,0.9582856297492981,Violin_or_fiddle
21346775.wav,Violin_or_fiddle,1.52,0.05211551859974861,0.010273839347064495,0.12331810593605042,0.004028746858239174,0.0065553258173167706,0.008021901361644268,0.0014422090025618672,0.01018544565886259,0.02131503075361252,0.7627438902854919,Violin_or_fiddle
cdeece57.wav,Violin_or_fiddle,3.52,0.029762715101242065,0.00048501731362193823,0.1397658884525299,0.008531718514859676,0.00032345394720323384,0.027936333790421486,0.013106211088597775,0.03384413942694664,0.007819488644599915,0.7384251356124878,Violin_or_fiddle
c9fb642d.wav,Violin_or_fiddle,1.76,0.22543707489967346,0.003749515162780881,0.04729205742478371,0.0027272701263427734,0.003420015564188361,0.004747760947793722,1.8795952200889587e-05,0.043942101299762726,0.03893767669796944,0.6297277808189392,Violin_or_fiddle
078f7ac0.wav,Hi-hat,3.14,2.3483426758730275e-08,3.214797470718622e-05,2.336431492722113e-08,0.0001046176184900105,0.00011236569116590545,0.000153245753608644,0.999010443687439,0.00016370596131309867,0.00017405742255505174,0.00024926310288719833,Hi-hat
e897db78.wav,Hi-hat,3.015375,1.8071162344313052e-07,6.785205914638937e-05,2.4114402208397223e-07,0.00039439473766833544,0.00020233466057106853,0.0004901989595964551,0.9978246092796326,0.00028601440135389566,0.00026772948331199586,0.0004665671440307051,Hi-hat
b31ed1fb.wav,Hi-hat,4.18,1.2153758461863617e-06,1.1432926839916036e-05,8.413926479988731e-07,0.0009778888197615743,4.561900823318865e-06,0.0005328808911144733,0.8889941573143005,0.0004716790863312781,0.10413938760757446,0.004865857306867838,Hi-hat
06c48eab.wav,Hi-hat,3.0558125,1.9077571778325364e-05,0.0003288040170446038,2.0727011360577308e-05,0.0016792814712971449,0.0002567984047345817,0.0027155077550560236,0.8979799151420593,0.003130944911390543,0.0860581174492836,0.007810740731656551,Hi-hat
2503aaa1.wav,Hi-hat,3.14,4.758732430332202e-08,4.525154145085253e-05,9.43016047472156e-08,0.00010484315134817734,0.00010236122761853039,0.00012152340059401467,0.9984055757522583,0.00019796374544966966,0.0002569147909525782,0.0007654732326045632,Hi-hat
3d3439f1.wav,Hi-hat,0.5970625,1.8841140558834013e-07,4.07230036216788e-05,8.3724927435469e-08,0.00019332914962433279,9.426350152352825e-05,0.0001388282107654959,0.9965237379074097,0.00013913777365814894,0.0026555864606052637,0.00021406894666142762,Hi-hat
34a90030.wav,Hi-hat,3.14,5.761486288058393e-10,1.1797235401900252e-06,2.4841242396433927e-09,0.0001551691530039534,1.3864169886801392e-05,0.00014461029786616564,0.9995329976081848,3.95250681322068e-05,1.6099180584205897e-06,0.00011116339010186493,Hi-hat
da4b0379.wav,Hi-hat,0.5479375,6.51193943213002e-08,2.275125552841928e-05,5.82962975670398e-08,0.000208595025469549,6.424076855182648e-05,0.00020997556566726416,0.9989088773727417,0.00013042875798419118,0.00022678003006149083,0.00022826343774795532,Hi-hat
a090c45a.wav,Hi-hat,0.6465625,3.812547220150009e-07,8.297386375488713e-05,6.523038109662593e-08,0.00015681909280829132,0.00011599263962125406,8.591531513957307e-05,0.9919126033782959,0.00015146918303798884,0.007163325324654579,0.0003304311539977789,Hi-hat
41897c32.wav,Hi-hat,2.1745625,1.4746598253623233e-07,2.0613983906514477e-06,1.724173515071925e-08,0.0002560249122325331,1.0179163837165106e-05,0.00019888491078745574,0.9701763987541199,4.7666922910138965e-05,0.029025187715888023,0.000283407571259886,Hi-hat
2032be87.wav,Hi-hat,3.14,3.483512855950721e-08,2.8312697395449504e-05,5.044323359015834e-08,5.558561679208651e-05,3.335583824082278e-05,4.7409597755176947e-05,0.9996336698532104,5.48651660210453e-05,9.222934750141576e-05,5.447096918942407e-05,Hi-hat
73677128.wav,Hi-hat,3.14,9.40941102811621e-09,1.7218480934388936e-05,9.41127531461916e-09,9.075573325389996e-05,6.487274367827922e-05,0.00010380311141489074,0.9992885589599609,9.269410656997934e-05,6.014065002091229e-05,0.00028197673964314163,Hi-hat
c53a217e.wav,Hi-hat,3.14,8.42691250113603e-09,1.2308882105571683e-05,1.2277968863827482e-08,9.146630327450112e-05,3.993773862021044e-05,8.70360599947162e-05,0.9995349049568176,5.6729724747128785e-05,3.630164792411961e-05,0.0001413546415278688,Hi-hat
f0dfe343.wav,Hi-hat,3.14,6.860912890260806e-06,0.0002456843212712556,5.157880877959542e-05,0.0006455460679717362,0.00030703743686899543,0.0015023001469671726,0.9950595498085022,0.0016829801024869084,0.00012639937631320208,0.0003719789383467287,Hi-hat
0ed06544.wav,Hi-hat,3.14,1.4932094671848972e-08,1.761951352818869e-05,4.6913228857192735e-08,9.100612078327686e-05,3.978016320616007e-05,8.177879499271512e-05,0.9994834661483765,7.313350943149999e-05,2.7945361580350436e-05,0.00018521153833717108,Hi-hat
99c96a07.wav,Hi-hat,0.360375,0.000497467874083668,0.013023226521909237,0.0003597481409087777,0.0016716793179512024,0.006799160968512297,0.0009564802167005837,0.7567479014396667,0.0034340035635977983,0.21379242837429047,0.0027178628370165825,Hi-hat
3a3d0279.wav,Hi-hat,0.6115625,1.9000725615114789e-06,0.00017812696751207113,2.989736174185964e-07,0.00011827007256215438,9.642449003877118e-05,5.79142251808662e-05,0.9737491011619568,0.00011406160047044978,0.02547590434551239,0.00020797911565750837,Hi-hat
612702c3.wav,Hi-hat,3.14,1.7589764311765066e-08,1.6056234017014503e-05,1.5192522084817028e-07,0.001982529414817691,6.679528451059014e-05,0.006359986495226622,0.9857396483421326,0.0005309583502821624,2.1166950318729505e-05,0.005282586440443993,Hi-hat
d6854eb4.wav,Hi-hat,5.530125,0.004437033552676439,0.04443680867552757,0.015233575366437435,0.0041638626717031,0.01919412426650524,0.006458242889493704,0.7467240691184998,0.01574847102165222,0.10248571634292603,0.04111815616488457,Hi-hat
52300f9b.wav,Hi-hat,3.14,4.345394266636049e-09,9.899633369059302e-06,5.20266318915219e-09,0.000141282711410895,5.494653669302352e-05,0.0001435006270185113,0.999201238155365,7.27889419067651e-05,5.570971916313283e-05,0.00032045907573774457,Hi-hat
09a1cfd7.wav,Hi-hat,0.6275,1.4263576986195403e-06,0.0003006407932844013,4.184990132216626e-07,0.00035937214852310717,0.00035192002542316914,0.00026624550810083747,0.9585794806480408,0.00031579859205521643,0.039372045546770096,0.00045268997200764716,Hi-hat
3aafb6ad.wav,Hi-hat,3.776875,1.3726705219596624e-05,0.0015757920918986201,7.420820111292414e-06,0.0005762501386925578,0.0005407500430010259,0.0009604340302757919,0.9399675726890564,0.00190051831305027,0.05209960788488388,0.00235806149430573,Hi-hat
493c247b.wav,Hi-hat,3.14,1.3221554695519444e-07,5.521873026737012e-05,1.2659485548738303e-07,0.00010018418834079057,6.367893365677446e-05,0.0001196978337247856,0.9989986419677734,0.00011250234820181504,0.0004025584494229406,0.00014724439824931324,Hi-hat
5ec7ad26.wav,Hi-hat,3.203125,0.000225911513553001,0.001082029310055077,0.000470051949378103,0.0069283852353692055,0.001641294569708407,0.008604739792644978,0.9520434141159058,0.0028752514626830816,0.021730812266469002,0.004398176912218332,Hi-hat
a1b369d7.wav,Hi-hat,2.053125,2.1922298643062277e-08,2.6017082745966036e-06,4.922429575060505e-09,0.00019592614262364805,1.5328569133998826e-05,0.00019080666243098676,0.9849706888198853,4.79059417557437e-05,0.014366520568728447,0.000210136451642029,Hi-hat
8cd809d3.wav,Hi-hat,4.18,0.0001226090098498389,0.0019497269531711936,8.05616655270569e-05,0.014773814007639885,0.0016722824657335877,0.007505582645535469,0.8161538243293762,0.028864452615380287,0.07046666741371155,0.05841049179434776,Hi-hat
aed9d22f.wav,Hi-hat,3.14,7.342229224605035e-08,6.664580723736435e-05,2.7100188049189455e-07,0.0003271325258538127,0.0003844743187073618,0.000537517131306231,0.9978771805763245,0.00032845002715475857,0.00021118718723300844,0.00026710116071626544,Hi-hat
a7964699.wav,Hi-hat,4.18,2.007054354180582e-05,0.0009751264587976038,8.13364295026986e-06,0.00034590408904477954,0.0003293557674624026,0.00034623296232894063,0.8987001776695251,0.0008616889244876802,0.09741459041833878,0.0009987769881263375,Hi-hat
da3f8050.wav,Hi-hat,3.14,4.2881397348537575e-06,0.0003854531969409436,9.082935321202967e-06,0.0008630150114186108,0.0002878400555346161,0.0011022583348676562,0.9925132989883423,0.0005857444484718144,0.000889334362000227,0.0033597329165786505,Hi-hat
468f9c4c.wav,Hi-hat,5.8758125,0.007486064452677965,0.09126298874616623,0.014704284258186817,0.019497210159897804,0.05387737601995468,0.03705001249909401,0.6980631351470947,0.018832290545105934,0.015512499026954174,0.043714169412851334,Hi-hat
229be2be.wav,Snare_drum,3.6480625,2.8783972084056586e-05,0.00034653994953259826,2.5648432711022906e-05,8.883930604497436e-06,7.59939484851202e-06,1.6635922293062322e-05,0.00315651367418468,0.000345110020134598,0.9926502704620361,0.003414105623960495,Snare_drum
b6cbc6a9.wav,Snare_drum,0.5799375,2.1144291167729534e-05,6.346283771563321e-05,1.634341970202513e-05,1.746270208968781e-05,1.8979299056809396e-06,1.3950955690233968e-05,0.016864586621522903,0.00012670077558141202,0.9827338457107544,0.00014063874550629407,Snare_drum
ae7d1c37.wav,Snare_drum,8.137,0.00703752925619483,0.0007990078302100301,0.007072244305163622,0.0002698271127883345,0.0008275271393358707,0.0037076263688504696,7.832905976101756e-05,0.039448268711566925,0.937567412853241,0.0031921565532684326,Snare_drum
82d4fb44.wav,Snare_drum,3.6,0.00027432283968664706,6.124464107415406e-06,0.00011236067803110927,1.976510429813061e-05,1.1857867320941295e-05,0.0002529463672544807,0.0010473517468199134,0.0033598667941987514,0.9945643544197083,0.0003511004615575075,Snare_drum
4c590f69.wav,Snare_drum,0.4808125,0.0002928650064859539,0.0005899720708839595,0.0003132103302050382,8.432241884293035e-05,0.0001166490837931633,0.0003532584523782134,0.0001429285475751385,0.001581332879140973,0.9947468638420105,0.0017785803647711873,Snare_drum
1c9a423f.wav,Snare_drum,0.5026875,0.0141458036378026,0.00035586539888754487,0.007100280374288559,0.007934639230370522,0.0001936050975928083,0.006425251252949238,0.0005363328964449465,0.015982523560523987,0.8880655169487,0.05926016718149185,Snare_drum
f0727eac.wav,Snare_drum,0.6925,2.4448907424812205e-05,0.00016755401156842709,2.342900370422285e-05,2.7261417926638387e-05,3.0846206300338963e-06,2.301594395248685e-05,0.04114292562007904,0.00019920359773095697,0.9581912159919739,0.00019786402117460966,Snare_drum
31db8c5e.wav,Snare_drum,0.6628125,0.054692257195711136,0.00043715944048017263,0.07320695370435715,0.0010399511083960533,0.006131358910351992,0.004593463148921728,6.07008303177281e-07,0.07643715292215347,0.7720608115196228,0.01140026468783617,Snare_drum
b86b5a96.wav,Snare_drum,0.4326875,6.751043838448822e-05,2.9386997994151898e-05,2.9849723432562314e-05,3.470143838057993e-06,1.8140101474273251e-06,6.244407268241048e-05,3.937569999834523e-06,0.0006520331953652203,0.9988130331039429,0.00033656085724942386,Snare_drum
6fca680b.wav,Snare_drum,3.0638125,0.00852864421904087,0.0007965884287841618,0.014072359539568424,0.00048046198207885027,0.0015915307449176908,0.0016813692636787891,1.3423999007500242e-05,0.011729549616575241,0.9579649567604065,0.003141002496704459,Snare_drum
1bc8eae1.wav,Snare_drum,6.26,0.0017168887425214052,0.0005353479064069688,0.00040788078331388533,1.997915569518227e-05,1.6080719433375634e-05,0.0002520604175515473,0.0006539230234920979,0.0031153233721852303,0.9853807687759399,0.007901780307292938,Snare_drum
46b52f97.wav,Snare_drum,0.73725,0.00046569621190428734,0.002493995940312743,0.0006289748125709593,0.0010832975385710597,0.0004770561936311424,0.001242005848325789,0.0014257223811000586,0.006177331320941448,0.9841470718383789,0.0018588255625218153,Snare_drum
0c67f402.wav,Snare_drum,9.9935625,0.00028673760243691504,8.172309753717855e-05,0.000476310116937384,3.849917629850097e-05,2.4512122763553634e-05,8.314260776387528e-05,5.906533715460682e-06,0.0007365235360339284,0.9962528944015503,0.0020138772670179605,Snare_drum
c8ecbbfd.wav,Snare_drum,0.3769375,2.8470412871683948e-05,0.00034191960003226995,2.7870699341292493e-05,8.107647772703785e-06,7.187037408584729e-05,3.950605241698213e-05,2.2770133000449277e-05,0.0011401071678847075,0.9974761009216309,0.0008432932081632316,Snare_drum
9f84ea5a.wav,Snare_drum,0.9663125,0.15201696753501892,0.0014440272934734821,0.07588080316781998,0.00763121759518981,0.23829786479473114,0.010266009718179703,1.0205032594967633e-05,0.02840079925954342,0.4723011255264282,0.013750998303294182,Snare_drum
e4958adc.wav,Snare_drum,8.1510625,0.0024317000061273575,5.478370076161809e-05,0.003430894110351801,0.00010982927051372826,7.836508302716538e-05,0.0013869277900084853,1.6344761206710245e-06,0.016670111566781998,0.9749559164047241,0.0008799927891232073,Snare_drum
5ce40b1b.wav,Snare_drum,3.934125,0.0018609320977702737,0.00016889248217921704,0.0019715966191142797,6.066158312023617e-05,8.261110633611679e-05,0.0004995831986889243,2.0131592464167625e-06,0.003980328794568777,0.9888468980789185,0.002526283962652087,Snare_drum
9d308738.wav,Snare_drum,2.9190625,0.00027865791344083846,0.0014958666870370507,0.000381990714231506,0.00020189175847917795,4.946106128045358e-05,0.0003635859757196158,0.008119508624076843,0.0014643657486885786,0.9865148663520813,0.0011298275785520673,Snare_drum
1e3391d5.wav,Snare_drum,5.2,0.008805151097476482,5.334847446647473e-05,0.003865005448460579,0.0016903458163142204,0.007539544720202684,0.0010270096827298403,1.5943098787829513e-06,0.02371116168797016,0.9523079991340637,0.0009989184327423573,Snare_drum
ff3f21e7.wav,Snare_drum,6.195,0.0005940062692388892,4.268208613211755e-06,8.687935041962191e-05,2.460729047015775e-05,5.079243237560149e-06,0.0005085418233647943,5.255518544799997e-07,0.0043905251659452915,0.9940533638000488,0.0003322318661957979,Snare_drum
b68f10af.wav,Snare_drum,8.099125,0.02390812709927559,0.009438037872314453,0.011843930929899216,0.0009426568867638707,0.0022633138578385115,0.015150317922234535,0.0035714153200387955,0.04663441330194473,0.8782562017440796,0.007991591468453407,Snare_drum
e8e00924.wav,Snare_drum,0.968375,0.029561856761574745,0.00020148175826761872,0.002972181187942624,0.0001652008359087631,0.00018815594376064837,0.006142897997051477,1.635096123209223e-05,0.038527458906173706,0.9153913855552673,0.006833134219050407,Snare_drum
22e1c02c.wav,Snare_drum,0.684625,0.02279721014201641,0.0013501442736014724,0.013704259879887104,0.00036403638659976423,0.00849449448287487,0.013785975985229015,1.6369626791856717e-06,0.16050684452056885,0.7731786370277405,0.005816770251840353,Snare_drum
5c33d972.wav,Snare_drum,1.08,0.07526874542236328,0.02645406499505043,0.13817155361175537,0.007489949464797974,0.027578657492995262,0.004218325484544039,0.0006597120664082468,0.017066890373826027,0.5172158479690552,0.1858762502670288,Snare_drum
9320c55f.wav,Snare_drum,0.871125,0.05594005435705185,0.011777132749557495,0.08148268610239029,0.0030193140264600515,0.0081584258005023,0.0016492276918143034,0.0005894795758649707,0.011364788748323917,0.5872247815132141,0.23879413306713104,Snare_drum
f1754aea.wav,Snare_drum,1.2265,0.03790324553847313,0.0395842045545578,0.018872765824198723,0.0035403708461672068,0.005909272003918886,0.010297968052327633,0.04861687123775482,0.034421294927597046,0.7778844237327576,0.02296956069767475,Snare_drum
b218444c.wav,Snare_drum,2.8145,0.021336300298571587,0.0003424685855861753,0.009185917675495148,0.000368225562851876,0.001340394839644432,0.007009022403508425,5.1654969865921885e-06,0.1135491132736206,0.8372876048088074,0.00957574974745512,Snare_drum
36d06cc0.wav,Snare_drum,1.02,0.001690557925030589,0.0020427992567420006,0.004305168520659208,0.00021686332183890045,0.0002457335649523884,0.0008874436607584357,0.0003186879039276391,0.002727549523115158,0.9819366335868835,0.005628559272736311,Snare_drum
4c4d4797.wav,Snare_drum,0.605,0.0005950274644419551,0.00012388051254674792,0.00015712268941570073,0.0005310376291163266,0.0008635477279312909,0.00045097980182617903,3.199980710633099e-05,0.004981962498277426,0.9868699908256531,0.00539451465010643,Snare_drum
cae0d841.wav,Snare_drum,0.62325,0.0008754907757975161,0.0006286226562224329,0.00011764090595534071,0.0005342056974768639,6.834888336015865e-05,0.0006072400719858706,0.0059018731117248535,0.006027315277606249,0.9843893051147461,0.0008500167168676853,Snare_drum
17f82c05.wav,Acoustic_guitar,8.9543125,0.33907464146614075,0.019353222101926804,0.1248035728931427,0.001597621594555676,0.3930216133594513,0.006355901714414358,1.565558159200009e-05,0.03130212053656578,0.014638213440775871,0.0698372945189476,Double_bass
0eeaebcb.wav,Acoustic_guitar,8.02,0.8736690282821655,0.00039277769974432886,0.030185291543602943,0.0027413200587034225,0.031263142824172974,0.022721771150827408,2.982170030918496e-07,0.025972450152039528,0.0018581809708848596,0.01119576208293438,Acoustic_guitar
e92bf0fa.wav,Acoustic_guitar,3.645875,0.7471111416816711,0.0004951911978423595,0.014637642540037632,0.0012492031091824174,0.008186344057321548,0.052129101008176804,7.211761499092972e-08,0.01790561154484749,0.001549068372696638,0.15673665702342987,Acoustic_guitar
10da16fb.wav,Acoustic_guitar,3.0299375,0.8371594548225403,6.182624929351732e-05,0.008348891511559486,0.0002912954078055918,0.005347616970539093,0.014563101343810558,2.907482032910025e-09,0.06446685642004013,0.012021193280816078,0.057739727199077606,Acoustic_guitar
a25423a8.wav,Acoustic_guitar,14.604875,0.31133484840393066,0.001572834444232285,0.09293971955776215,0.005219929851591587,0.5669670104980469,0.0029258171562105417,3.174754965584725e-05,0.010452996008098125,0.0038318666629493237,0.004723106045275927,Double_bass
16c9a838.wav,Acoustic_guitar,3.14,0.9282859563827515,9.520242747385055e-05,0.004956211894750595,0.012873337604105473,0.004100759048014879,0.0043700868263840675,3.1256755050890206e-07,0.0021252629812806845,6.418811244657263e-05,0.043128687888383865,Acoustic_guitar
70ca9c77.wav,Acoustic_guitar,7.939875,0.2732626497745514,0.001449956325814128,0.06446148455142975,0.02973785251379013,0.6263322234153748,0.0014200926525518298,4.5580263758893125e-06,0.000901601102668792,0.0022762343287467957,0.00015334949421230704,Double_bass
38216fad.wav,Acoustic_guitar,7.92,0.6189509034156799,0.0034025744535028934,0.08792873471975327,0.002174774184823036,0.04445919394493103,0.02983733080327511,5.173480076337e-06,0.06268159300088882,0.012007443234324455,0.1385522484779358,Acoustic_guitar
d8a257e5.wav,Acoustic_guitar,3.6820625,0.5949820280075073,0.005343456286936998,0.06483270227909088,0.0018988191150128841,0.009820949286222458,0.010741546750068665,7.217944948934019e-05,0.18898743391036987,0.044160693883895874,0.07916012406349182,Acoustic_guitar
7506dcc4.wav,Acoustic_guitar,3.14,0.9641116261482239,2.106754664055188e-06,0.0005502136191353202,0.008611577562987804,0.020345110446214676,0.0018719476647675037,6.501940674752404e-08,0.004076044075191021,0.0003524784406181425,7.88148317951709e-05,Acoustic_guitar
a6728901.wav,Acoustic_guitar,2.02775,0.9304502606391907,0.0002644188061822206,0.0029380875639617443,0.0006507321959361434,0.0032296988647431135,0.0018138388404622674,4.316232704582035e-08,0.0017991395434364676,0.000570157659240067,0.058283668011426926,Acoustic_guitar
b88322f6.wav,Acoustic_guitar,4.18,0.9717504978179932,4.024053123430349e-05,0.0021079513244330883,7.508894486818463e-05,0.0025377171114087105,0.002540611894801259,9.923430965841362e-10,0.010654060170054436,0.0011128580663353205,0.009180817753076553,Acoustic_guitar
35039ae1.wav,Acoustic_guitar,3.14,0.8244708180427551,0.0022343499585986137,0.05091920122504234,0.002846029121428728,0.015119015239179134,0.03073284402489662,8.969227138777569e-08,0.02209656499326229,0.0006898428546264768,0.05089123174548149,Acoustic_guitar
236cbab1.wav,Acoustic_guitar,6.96,0.2577264904975891,0.004068373236805201,0.12387067079544067,0.006520301569253206,0.5505751371383667,0.003746638773009181,0.0013332151575013995,0.01911933533847332,0.0234071072191,0.009632827714085579,Double_bass
0356dec7.wav,Acoustic_guitar,7.12,0.5864214301109314,0.0020994374062865973,0.06439957767724991,0.0021345363929867744,0.005308195017278194,0.011123535223305225,1.6048597899498418e-05,0.09421650320291519,0.054216835647821426,0.1800638884305954,Acoustic_guitar
bb1f5874.wav,Acoustic_guitar,3.5454375,0.6297659873962402,0.0027399680111557245,0.045400220900774,0.01070095133036375,0.13094507157802582,0.08217737823724747,1.4051518519409001e-05,0.013689011335372925,0.00873270072042942,0.07583481073379517,Acoustic_guitar
34747922.wav,Acoustic_guitar,3.14,0.8254976868629456,0.0006082842592149973,0.006239269394427538,0.0009023882448673248,0.002160138450562954,0.03999510779976845,0.00019267651077825576,0.0835384652018547,0.0022815477568656206,0.03858446329832077,Acoustic_guitar
44fb3eeb.wav,Acoustic_guitar,3.14,0.9120581150054932,3.4528184187365696e-05,0.002677145879715681,0.00024186450173147023,0.0038657260593026876,0.014886217191815376,7.577428959848476e-07,0.047418996691703796,7.85453084972687e-05,0.01873805560171604,Acoustic_guitar
367ad7b1.wav,Acoustic_guitar,5.22,0.5188818573951721,0.0011213135439902544,0.013190750032663345,0.03678171709179878,0.3467016816139221,0.023787396028637886,1.0606207752061891e-06,0.03496945649385452,0.00670103682205081,0.01786370947957039,Acoustic_guitar
160c92d7.wav,Acoustic_guitar,3.015,0.8485552668571472,7.356121204793453e-05,0.009198245592415333,0.00028550036950036883,0.0012953338446095586,0.03461911156773567,7.3431865033057875e-09,0.04092901572585106,0.001517212251201272,0.0635267123579979,Acoustic_guitar
2016d256.wav,Acoustic_guitar,2.1,0.8573587536811829,3.449052432547006e-10,5.410226367530413e-05,0.1402856409549713,0.0002652450348250568,0.001057863817550242,5.641316840748756e-12,0.0009502408211119473,9.756081453815568e-06,1.8476706827641465e-05,Acoustic_guitar
fc55d588.wav,Acoustic_guitar,4.18,0.6124426126480103,0.0016921088099479675,0.1584063619375229,0.007092738524079323,0.09790339320898056,0.020381681621074677,4.351417430825677e-07,0.07291969656944275,0.012902053073048592,0.01625886745750904,Acoustic_guitar
c7846d27.wav,Acoustic_guitar,2.358125,0.7572476863861084,0.0002469680330250412,0.03508959338068962,0.020330751314759254,0.00077241804683581,0.07352405041456223,0.00013957745977677405,0.020825626328587532,0.01974661275744438,0.0720766931772232,Acoustic_guitar
55822aae.wav,Acoustic_guitar,8.02,0.7192856073379517,0.0027726751286536455,0.08116449415683746,0.0037154280580580235,0.07257179170846939,0.03688224032521248,2.6942193471768405e-06,0.06026080250740051,0.007198209874331951,0.01614590920507908,Acoustic_guitar
9923ddf8.wav,Acoustic_guitar,1.2248125,0.9471187591552734,1.155496232030373e-08,0.00015888913185335696,0.0447336882352829,0.00011004231782862917,0.00430270005017519,8.94233043169379e-09,0.0027627337258309126,2.414902155578602e-05,0.0007889049593359232,Acoustic_guitar
32dee61b.wav,Acoustic_guitar,4.7055625,0.2491619884967804,0.07227689027786255,0.10279650241136551,0.001579641830176115,0.41858789324760437,0.006089314352720976,2.413032234471757e-05,0.03176282346248627,0.012813725508749485,0.10490704327821732,Double_bass
fa4d4a92.wav,Acoustic_guitar,6.476375,0.3281574547290802,0.0007234208169393241,0.08585458993911743,0.009879732504487038,0.5714963674545288,0.0016288314945995808,1.1789805967055145e-06,0.0003629204002209008,0.0018085179617628455,8.702866034582257e-05,Double_bass
8da75280.wav,Acoustic_guitar,19.2524375,0.2619496285915375,0.0008883557165972888,0.10764426738023758,0.006844956427812576,0.6070768237113953,0.0022351217921823263,4.842621024181426e-07,0.00850855652242899,0.002936624689027667,0.0019152452005073428,Double_bass
b2261238.wav,Acoustic_guitar,8.02,0.6418499946594238,0.00041332258842885494,0.042640749365091324,0.008555903099477291,0.01899704523384571,0.03214763477444649,1.0323478960572174e-07,0.14213016629219055,0.060565222054719925,0.05269991606473923,Acoustic_guitar
673defaf.wav,Acoustic_guitar,3.808875,0.8969824910163879,2.352378396608401e-05,0.004265952855348587,0.0002381716767558828,0.0005119929555803537,0.0026768501847982407,7.013050407067567e-08,0.04581914469599724,0.0034634133335202932,0.046018484979867935,Acoustic_guitar
e6597186.wav,Double_bass,4.6716875,0.24058696627616882,0.0009688790305517614,0.06657466292381287,0.010847977362573147,0.6656027436256409,0.001461018342524767,5.247566718935559e-07,0.0012003014562651515,0.011817538179457188,0.0009393721120432019,Double_bass
fcfafbc8.wav,Double_bass,3.56,0.02646489441394806,0.004012644290924072,0.019762152805924416,0.0006242119707167149,0.946104884147644,0.00028436092543415725,3.3235881602422523e-08,0.00035641592694446445,0.002234554151073098,0.00015587413508910686,Double_bass
444f9db5.wav,Double_bass,2.32,0.008227559737861156,0.007628266699612141,0.008388732559978962,0.0007419143221341074,0.8014267086982727,0.007716008927673101,8.735243682167493e-06,0.14614197611808777,0.006827427074313164,0.01289269607514143,Double_bass
19893aa8.wav,Double_bass,2.7560625,0.008593588136136532,0.048154499381780624,0.01655304804444313,0.000276301521807909,0.8758841753005981,0.00025814041146077216,1.988504118344281e-05,0.0010204192949458957,0.00542099354788661,0.043818872421979904,Double_bass
f042282c.wav,Double_bass,2.4,0.05988435074687004,0.028025152161717415,0.04602958261966705,0.04491152986884117,0.7874765992164612,0.0009336076909676194,3.0967359634814784e-05,0.0010066666873171926,0.004306795075535774,0.027394773438572884,Double_bass
95e1d0ae.wav,Double_bass,4.12625,0.05450581759214401,0.03963027149438858,0.07170102745294571,0.001852025743573904,0.8246959447860718,0.001158078433945775,2.3887605493655428e-05,0.001118056126870215,0.004440340679138899,0.0008744701044633985,Double_bass
595c191d.wav,Double_bass,2.98,0.03051731362938881,0.007235739845782518,0.016770638525485992,0.00031609530560672283,0.8362794518470764,0.007142124697566032,5.7912377116053904e-08,0.0901397094130516,0.007728416472673416,0.0038705714978277683,Double_bass
8073923c.wav,Double_bass,1.763375,0.2570311427116394,0.0014030415331944823,0.12824873626232147,0.007909866981208324,0.5995815396308899,0.0022723497822880745,4.6841773837513756e-07,0.0006355990772135556,0.002573449397459626,0.0003438635903876275,Double_bass
6efbaf90.wav,Double_bass,1.0950625,0.043386876583099365,0.18610796332359314,0.05903423950076103,0.002483691554516554,0.6877590417861938,0.0025516427122056484,0.0013535364996641874,0.0011913524940609932,0.0035660036373883486,0.012565706856548786,Double_bass
642ad7e4.wav,Double_bass,0.803375,0.07508524507284164,0.007416204549372196,0.07450815290212631,0.001135262195020914,0.8347596526145935,0.0013670155312865973,2.468624700213695e-07,0.001317475689575076,0.0027885157614946365,0.0016221723053604364,Double_bass
5eadbc6d.wav,Double_bass,2.32,0.06077336147427559,0.031112004071474075,0.07211893796920776,0.0011844901600852609,0.7621490359306335,0.002932895440608263,1.2329421224421822e-05,0.0011797186452895403,0.005302931182086468,0.06323416531085968,Double_bass
1a7d3f2d.wav,Double_bass,3.675875,0.17353390157222748,0.0025023911148309708,0.12679366767406464,0.008778763003647327,0.6750155091285706,0.0011380818905308843,4.750779226014856e-06,0.0010944304522126913,0.009844171814620495,0.0012943121837452054,Double_bass
13da16ae.wav,Double_bass,4.36,0.020496202632784843,0.005556420888751745,0.008112171664834023,0.0006987146334722638,0.9571651220321655,0.000836003920994699,5.237628286636209e-08,0.002923206426203251,0.0026448231656104326,0.0015674562891945243,Double_bass
103f29e5.wav,Double_bass,3.12,0.03042437881231308,0.004107180517166853,0.003444699803367257,0.0001837958552641794,0.9504646062850952,0.004416217096149921,9.591294869437661e-09,0.005018308758735657,0.0012764111161231995,0.0006645270623266697,Double_bass
da8ea649.wav,Double_bass,3.06,0.008444348350167274,0.04530300199985504,0.009058147668838501,0.00015832371718715876,0.9368591904640198,7.816731522325426e-05,4.349186344398959e-09,1.0425243090139702e-05,6.590136763406917e-05,2.2505058950628154e-05,Double_bass
ca348cbb.wav,Double_bass,2.88,0.1162119135260582,0.0018004763405770063,0.05850320681929588,0.001461965381167829,0.8193215131759644,0.0004411933186929673,1.0887691814787104e-07,0.00027075226535089314,0.0018404623260721564,0.00014830670261289924,Double_bass
8ce2e863.wav,Double_bass,1.78,0.013785326853394508,0.4269423186779022,0.01706499047577381,0.00036734857712872326,0.5381338000297546,0.0015315244672819972,5.881923789274879e-05,7.078629278112203e-05,0.0001967459247680381,0.001848301268182695,Double_bass
462b676f.wav,Double_bass,4.64,0.08185651153326035,0.013358371332287788,0.022568853572010994,0.002111693611368537,0.8150100708007812,0.0023247075732797384,4.819442983716726e-05,0.0043166703544557095,0.004934138152748346,0.05347068980336189,Double_bass
b428466c.wav,Double_bass,0.663375,0.038437336683273315,0.03648877516388893,0.018236594274640083,6.938064325368032e-05,0.9042949676513672,0.0002574660466052592,7.39413934525146e-08,0.0006129094981588423,0.0005483478307723999,0.0010541765950620174,Double_bass
4fd883bb.wav,Double_bass,0.81125,0.18329815566539764,0.0007628745515830815,0.05052689090371132,0.00312435464002192,0.7609760165214539,0.0006138552562333643,1.3987063596232474e-07,5.211274401517585e-05,0.000617949990555644,2.7673762815538794e-05,Double_bass
2ac8b94f.wav,Double_bass,2.94925,0.06476077437400818,0.030547089874744415,0.11660466343164444,0.0019750776700675488,0.4968815743923187,0.07248031347990036,0.00011610875662881881,0.210488423705101,0.0017847440904006362,0.00436114426702261,Double_bass
c840804f.wav,Double_bass,2.86,0.05835997313261032,0.00317987403832376,0.01930338144302368,9.857638360699639e-05,0.9136074185371399,0.0002359231875743717,5.068202302282998e-09,0.0016389319207519293,0.0013059735065326095,0.0022699576802551746,Double_bass
f63f3703.wav,Double_bass,3.6764375,0.012996871024370193,0.013357464224100113,0.01199441496282816,5.3132345783524215e-05,0.9375520348548889,6.262943497858942e-05,1.4688622229641624e-07,0.00010965993715217337,0.0004948286805301905,0.02337890863418579,Double_bass
c0ddf010.wav,Double_bass,2.5,0.03538073971867561,0.04609308019280434,0.01369017269462347,0.0004559893859550357,0.8928636908531189,0.0006440026336349547,2.739807598572952e-07,0.0005108347977511585,0.001069568912498653,0.009291679598391056,Double_bass
a0cbe92e.wav,Double_bass,2.14,0.04334035515785217,0.06562670320272446,0.08864637464284897,0.0012490286026149988,0.7744184136390686,0.0012642177753150463,2.6504752895561978e-05,0.0007980474620126188,0.005189151503145695,0.019441116601228714,Double_bass
4fb480bf.wav,Double_bass,8.2253125,0.05047616735100746,0.2609657049179077,0.10227930545806885,0.0015354522038251162,0.5465551614761353,0.0023036948405206203,0.0001087580676539801,0.0020895961206406355,0.008069269359111786,0.025616822764277458,Double_bass
9dd0141c.wav,Double_bass,3.58,0.0518270842730999,0.002771104918792844,0.012889698147773743,0.001799266436137259,0.8958718180656433,0.007923291064798832,2.2852518100080488e-08,0.02147684060037136,0.004384134896099567,0.001056792214512825,Double_bass
deb87700.wav,Double_bass,2.3,0.06472483277320862,0.023263724520802498,0.06760785728693008,0.015554160811007023,0.7797520160675049,0.015387930907309055,4.755210466100834e-05,0.01976947672665119,0.005991440732032061,0.007900926284492016,Double_bass
e0ecd1a6.wav,Double_bass,1.9851875,0.1972385197877884,0.0010442575439810753,0.09248832613229752,0.05191055312752724,0.6383505463600159,0.0038107107393443584,1.2943776255269768e-06,0.0036354195326566696,0.005639605689793825,0.005880728829652071,Double_bass
0286fc27.wav,Double_bass,2.33475,0.03449580818414688,0.007760534528642893,0.013939755968749523,8.284619980258867e-05,0.86797696352005,0.0005658278241753578,1.9514181985869072e-06,0.001483199535869062,0.001160346087999642,0.07253264635801315,Double_bass
e2d993ec.wav,Cello,4.356375,0.13098709285259247,0.026843491941690445,0.6238422989845276,0.010828860104084015,0.046013474464416504,0.01931464672088623,0.00031114357989281416,0.06784795969724655,0.008136143907904625,0.06587488949298859,Cello
0091fc7f.wav,Cello,5.374875,0.07429897785186768,0.013325420208275318,0.6552982926368713,0.02924184314906597,0.0661509707570076,0.025059329345822334,0.00021518317225854844,0.034618180245161057,0.024509167298674583,0.07728263735771179,Cello
e55c5160.wav,Cello,5.000875,0.17762622237205505,0.005022491328418255,0.32990241050720215,0.005621597170829773,0.026789529249072075,0.11274147778749466,9.683713142294437e-05,0.2556060254573822,0.030738141387701035,0.05585526302456856,Cello
a59b5a08.wav,Cello,3.8758125,0.0750076174736023,0.07668384909629822,0.5942882299423218,0.00339764473028481,0.175873264670372,0.004897736944258213,0.0006219102069735527,0.00171383295673877,0.008959351107478142,0.05855667591094971,Cello
88500b88.wav,Cello,4.86,0.02341029979288578,0.01933244988322258,0.3712346851825714,0.0011111294152215123,0.03389507159590721,0.06898114830255508,0.0005436146166175604,0.4166043996810913,0.043564289808273315,0.02132292091846466,Saxophone
743ae0f9.wav,Cello,3.06,0.16937394440174103,0.031042378395795822,0.30813929438591003,0.0014141058782115579,0.21881000697612762,0.047905124723911285,4.608729432220571e-05,0.1320892870426178,0.0104982266202569,0.08068155497312546,Cello
9e3bc1b6.wav,Cello,4.4598125,0.05798216909170151,0.01890791393816471,0.7144665122032166,0.0036640814505517483,0.04664900526404381,0.012615016661584377,5.75157355342526e-05,0.13395589590072632,0.0062161157839000225,0.005485872738063335,Cello
3e2bddda.wav,Cello,2.28,0.054197847843170166,0.006109392270445824,0.45758286118507385,0.03907124325633049,0.004033752717077732,0.06254137307405472,0.0029210997745394707,0.1129407212138176,0.09840524941682816,0.16219641268253326,Cello
d328db67.wav,Cello,4.28,0.08572015166282654,0.0032651086803525686,0.7113194465637207,0.0018462380394339561,0.023140326142311096,0.017531950026750565,3.7078109016874805e-05,0.028110671788454056,0.02917659282684326,0.09985247999429703,Cello
7d896090.wav,Cello,5.119625,0.08400978893041611,0.004583015106618404,0.31546348333358765,0.001683941693045199,0.030404644086956978,0.026706501841545105,7.495452155126259e-05,0.4702438712120056,0.025338301435112953,0.04149157926440239,Saxophone
4bff8f32.wav,Cello,5.473625,0.046632319688797,0.014641671441495419,0.696467936038971,0.008495289832353592,0.22681917250156403,0.0026337294839322567,4.113903287361609e-06,0.0009423713781870902,0.002225611824542284,0.0011378871276974678,Cello
5e5bca7a.wav,Cello,6.6,0.03478463366627693,0.05618098005652428,0.7493453621864319,0.00221971794962883,0.06845688819885254,0.0022560087963938713,7.869370165280998e-05,0.0030365537386387587,0.018604861572384834,0.0650363340973854,Cello
811bf309.wav,Cello,3.9,0.05210791155695915,0.03067682310938835,0.7190378308296204,0.0013523974921554327,0.021876290440559387,0.04160071164369583,4.2729690903797746e-05,0.05794205144047737,0.0056483023799955845,0.06971506029367447,Cello
5689818f.wav,Cello,5.19425,0.12882433831691742,0.01971881277859211,0.5550037026405334,0.001451176474802196,0.026157082989811897,0.07280123233795166,7.86013770266436e-05,0.10530216246843338,0.010950037278234959,0.07971273362636566,Cello
81d9f077.wav,Cello,7.06,0.1229020282626152,0.02367614582180977,0.3542431592941284,0.004885869566351175,0.3970600366592407,0.032567426562309265,0.0001013449436868541,0.04399878531694412,0.013904590159654617,0.006660493090748787,Double_bass
00353774.wav,Cello,4.52,0.03800025209784508,0.008487682789564133,0.7791352868080139,0.011187274008989334,0.007737780921161175,0.02125386707484722,0.0011855163611471653,0.04949706047773361,0.011376907117664814,0.07213820517063141,Cello
6a210ffa.wav,Cello,6.51725,0.1016404777765274,0.01206425204873085,0.3313843905925751,0.0022308165207505226,0.48905351758003235,0.0212900098413229,1.195173172163777e-05,0.024678213521838188,0.006170419044792652,0.011475950479507446,Double_bass
e97d9707.wav,Cello,2.38,0.03579721227288246,0.028558315709233284,0.5271762609481812,0.003387464676052332,0.015890810638666153,0.1204124242067337,0.0013830206589773297,0.17130866646766663,0.0516849085688591,0.044401027262210846,Cello
238b16a5.wav,Cello,1.4334375,0.22231756150722504,0.003005807986482978,0.3237770199775696,0.0038224924355745316,0.4131397604942322,0.006384845823049545,8.282598287223664e-07,0.009625287726521492,0.008942184038460255,0.008984250947833061,Double_bass
dc5be9d7.wav,Cello,9.1029375,0.05020513758063316,0.010228129103779793,0.6646243333816528,0.0015978313749656081,0.07364166527986526,0.03935758396983147,8.827121746435296e-06,0.14292888343334198,0.004242580384016037,0.013165025971829891,Cello
f9653de8.wav,Cello,3.32,0.049507319927215576,0.07243406027555466,0.5440731048583984,0.0019780939910560846,0.28026601672172546,0.002261390443891287,0.00011557871766854078,0.0018863234436139464,0.006263959687203169,0.0412142276763916,Cello
31dbc5c0.wav,Cello,5.2603125,0.2217920571565628,0.0039752465672791,0.569834291934967,0.005366560537368059,0.0650317370891571,0.04629173129796982,2.831799974956084e-05,0.028868569061160088,0.006963154301047325,0.05184825882315636,Cello
cbc8d551.wav,Cello,2.54,0.08901514112949371,0.032744456082582474,0.5628839135169983,0.002835512161254883,0.05471431091427803,0.026414481922984123,0.0001453041040804237,0.11564990133047104,0.03273014724254608,0.08286689966917038,Cello
195f544d.wav,Cello,7.38,0.04032086208462715,0.00933371763676405,0.6480469107627869,0.01579877734184265,0.010867767035961151,0.08081642538309097,0.0029689501971006393,0.04509030655026436,0.013048849999904633,0.13370735943317413,Cello
22bea889.wav,Cello,2.34,0.18478821218013763,0.005944530479609966,0.2894453704357147,0.0073216743767261505,0.48222947120666504,0.003274221671745181,6.501864845631644e-05,0.005749758332967758,0.017813045531511307,0.003368709934875369,Double_bass
ab8e8ae3.wav,Cello,7.22,0.07244470715522766,0.008382858708500862,0.73637455701828,0.0024327514693140984,0.07843879610300064,0.01923590712249279,9.610012784833089e-05,0.06422504037618637,0.011943787336349487,0.006425609812140465,Cello
e70c41d4.wav,Cello,8.5,0.0466749481856823,0.005673135165125132,0.4861217737197876,0.007817870937287807,0.014848330058157444,0.13596570491790771,0.0010568348225206137,0.2039066106081009,0.0372566282749176,0.06067808344960213,Cello
125e6ccf.wav,Cello,4.7,0.0966869443655014,0.0011205024784430861,0.7953494787216187,0.0021351035684347153,0.02515014074742794,0.010239755734801292,1.206338856718503e-05,0.014950176700949669,0.024631422013044357,0.029724298045039177,Cello
2da9e12a.wav,Cello,6.02,0.11071206629276276,0.015682406723499298,0.41437578201293945,0.0024694327730685472,0.3042082190513611,0.048094261437654495,0.00011218721192562953,0.0894520953297615,0.005499277729541063,0.009394298307597637,Cello
34e4d187.wav,Cello,3.6066875,0.19551508128643036,0.03904508799314499,0.24527910351753235,0.0022258921526372433,0.3288278877735138,0.01926642470061779,0.00012900611909572035,0.12022047489881516,0.012269986793398857,0.03722110018134117,Double_bass
52e54bdd.wav,Bass_drum,1.483375,0.09247209131717682,0.3721172511577606,0.20874981582164764,0.003730330616235733,0.15803048014640808,0.005405907053500414,0.00046133343130350113,0.005472895223647356,0.04772937297821045,0.10583050549030304,Bass_drum
6d21ad67.wav,Bass_drum,2.9,0.007605358492583036,0.8116015195846558,0.04085276275873184,0.0005109452176839113,0.13167385756969452,0.001923878095112741,0.00028374671819619834,0.0001309331419179216,0.004274987615644932,0.0011419977527111769,Bass_drum
ca3f3698.wav,Bass_drum,1.0,0.003001581411808729,0.8009181618690491,0.01744229905307293,0.00010560554073890671,0.1776350885629654,0.00040368601912632585,6.169420885271393e-06,9.982317351386882e-06,5.0758710131049156e-05,0.0004266527248546481,Bass_drum
aa9ae956.wav,Bass_drum,0.520875,0.049368035048246384,0.5423097014427185,0.09238219261169434,0.0009548248490318656,0.2129041701555252,0.0015518524451181293,6.944112101336941e-05,0.0024907332845032215,0.013070143759250641,0.08489889651536942,Bass_drum
0ddb4bdf.wav,Bass_drum,0.5229375,0.04046887904405594,0.6532583236694336,0.08779888600111008,0.001210090471431613,0.17709755897521973,0.0024140849709510803,0.00010997214121744037,0.0012815495720133185,0.0050400616601109505,0.03132054954767227,Bass_drum
921eee9d.wav,Bass_drum,0.3749375,0.03046848624944687,0.697198212146759,0.06147382780909538,0.0016116430051624775,0.18309390544891357,0.005326916929334402,0.00026984335272572935,0.0009560997714288533,0.004025312606245279,0.01557573676109314,Bass_drum
c153f347.wav,Bass_drum,0.5881875,0.013277843594551086,0.7775369882583618,0.043638236820697784,0.0005811009323224425,0.1598905771970749,0.0022109285928308964,9.781296830624342e-05,0.00010904634837061167,0.0011557360412552953,0.0015017858240753412,Bass_drum
63e0ab2c.wav,Bass_drum,0.4696875,0.05394771322607994,0.6222826838493347,0.09145285189151764,0.0009168352698907256,0.18700246512889862,0.0021900776773691177,5.186462658457458e-05,0.0010692632058635354,0.004250288475304842,0.03683598339557648,Bass_drum
88780eac.wav,Bass_drum,3.374875,0.024893544614315033,0.6127937436103821,0.060925938189029694,0.0014510989421978593,0.1735052913427353,0.002886260161176324,0.0017080714460462332,0.0040655056945979595,0.039442431181669235,0.07832811027765274,Bass_drum
bea51ca5.wav,Bass_drum,0.519,0.025359630584716797,0.1514352262020111,0.018274426460266113,0.0007952775922603905,0.7874680161476135,0.007368162274360657,2.5719218683661893e-06,0.0037443458568304777,0.001693269587121904,0.003859002608805895,Double_bass
f26131d8.wav,Bass_drum,0.3805625,0.009687651880085468,0.6364195942878723,0.06876662373542786,0.022809842601418495,0.060907334089279175,0.022199446335434914,0.003916656598448753,0.08155279606580734,0.01901293359696865,0.0747271180152893,Bass_drum
ce75b5ce.wav,Bass_drum,0.4875625,0.039246417582035065,0.4569918215274811,0.08313857018947601,0.01004554983228445,0.25406020879745483,0.015428747981786728,0.00544020114466548,0.030527856200933456,0.02805662527680397,0.07706396281719208,Bass_drum
565f3ee2.wav,Bass_drum,1.56,0.03180855140089989,0.592535138130188,0.08588103204965591,0.0015694795874878764,0.27751171588897705,0.0032748363446444273,0.00031402232707478106,0.0003594163281377405,0.0022142876405268908,0.004531447775661945,Bass_drum
ff11628d.wav,Bass_drum,0.521125,0.04059205204248428,0.5830730199813843,0.09116528928279877,0.0010339263826608658,0.1910971999168396,0.001772106857970357,9.785567817743868e-05,0.002543563023209572,0.01106841117143631,0.0775565654039383,Bass_drum
cdfc8967.wav,Bass_drum,0.5185625,0.04795242100954056,0.48112601041793823,0.13707499206066132,0.0016601283568888903,0.10315881669521332,0.0017628856003284454,0.00014350700075738132,0.0046395715326070786,0.02526235021650791,0.19721926748752594,Bass_drum
f8a99b37.wav,Bass_drum,0.537625,0.036130040884017944,0.6224613785743713,0.08702214807271957,0.001120358007028699,0.181902214884758,0.0020086364820599556,0.0001147379371104762,0.0022173835895955563,0.010312749072909355,0.05671032518148422,Bass_drum
809ea09e.wav,Bass_drum,0.5181875,0.04136185720562935,0.598076581954956,0.08997564017772675,0.0011861480306833982,0.1880590319633484,0.0024214042350649834,0.00010368476796429604,0.0024792354088276625,0.012437324039638042,0.06389913707971573,Bass_drum
03fc1f96.wav,Bass_drum,1.006125,0.0851169228553772,0.20916983485221863,0.07891169935464859,0.003002450568601489,0.5480520129203796,0.005238932557404041,0.0010822296608239412,0.009427996352314949,0.00700537022203207,0.052992574870586395,Double_bass
8b6a16de.wav,Bass_drum,1.570125,0.004301474429666996,0.8206275701522827,0.019742993637919426,0.0001441081694792956,0.1540631651878357,0.0004938909551128745,7.025674221949885e-06,1.5247320334310643e-05,7.798548904247582e-05,0.0005264723440632224,Bass_drum
7dda9dc2.wav,Bass_drum,0.2176875,0.08884920179843903,0.2905902862548828,0.19229775667190552,0.004193919710814953,0.14538443088531494,0.011092336848378181,0.00034446915378794074,0.014482146129012108,0.07141202688217163,0.18135344982147217,Bass_drum
3a9085ca.wav,Bass_drum,0.5523125,0.029098132625222206,0.45381253957748413,0.06420326977968216,0.001295739784836769,0.18079937994480133,0.0038675032556056976,0.0023610221687704325,0.0057328129187226295,0.1566392332315445,0.10219036042690277,Bass_drum
4ba2b70e.wav,Bass_drum,0.396125,0.011988361366093159,0.45027902722358704,0.07997091114521027,0.004270195495337248,0.03947679325938225,0.008834424428641796,0.0022455425933003426,0.012214015237987041,0.31506475806236267,0.0756559893488884,Bass_drum
01c2f88b.wav,Bass_drum,0.61675,0.039804857224226,0.540299117565155,0.1039508804678917,0.003952720668166876,0.20399723947048187,0.0065269689075648785,0.0024347775615751743,0.009210594929754734,0.01718386448919773,0.07263896614313126,Bass_drum
ce3f3400.wav,Bass_drum,1.62,0.10239802300930023,0.4495299160480499,0.1490943282842636,0.002925992477685213,0.1658822000026703,0.005543280392885208,0.0007098541827872396,0.002676222939044237,0.016201645135879517,0.10503853857517242,Bass_drum
6a96272b.wav,Bass_drum,0.8830625,0.013970562256872654,0.660659909248352,0.0718497559428215,0.0007655049557797611,0.22988329827785492,0.006094387732446194,2.3525468350271694e-05,0.004926207475364208,0.0094764931127429,0.002350334543734789,Bass_drum
9adffd44.wav,Bass_drum,5.0,0.004568439442664385,0.7363054156303406,0.020070599392056465,0.0001419330365024507,0.23749712109565735,0.0005669013480655849,5.7236661632487085e-06,2.497983405191917e-05,8.96817073225975e-05,0.0007293388480320573,Bass_drum
7d11b3b4.wav,Bass_drum,0.449,0.014886894263327122,0.7773444056510925,0.050200723111629486,0.000863939814735204,0.14937946200370789,0.00294847902841866,0.00024385629512835294,0.00015568277740385383,0.0012709242291748524,0.0027056545950472355,Bass_drum
bab98261.wav,Bass_drum,0.4249375,0.018094275146722794,0.7391294836997986,0.054767705500125885,0.0008227546350099146,0.18094764649868011,0.002410097047686577,9.212378790834919e-05,0.00016260579286608845,0.0011394151952117682,0.0024339761584997177,Bass_drum
c11bacda.wav,Bass_drum,0.775375,0.028043657541275024,0.6885994076728821,0.07936935126781464,0.001565537299029529,0.16151757538318634,0.0031337577383965254,0.00025149923749268055,0.0016829957021400332,0.007085312623530626,0.028750905767083168,Bass_drum
9a4bfb69.wav,Bass_drum,1.0639375,0.03485050052404404,0.6866763830184937,0.08074690401554108,0.0011518711689859629,0.16854992508888245,0.003141779452562332,0.00022613033070228994,0.0006682023522444069,0.0029258201830089092,0.021062415093183517,Bass_drum
18865530.wav,Flute,2.771,0.0022426419891417027,0.0013657142408192158,0.007383177522569895,0.007323538418859243,0.000765182776376605,0.9038822650909424,0.00026285063358955085,0.03467438742518425,0.015380592085421085,0.02671964280307293,Flute
9f6eac9c.wav,Flute,9.052125,0.018911821767687798,0.0007355096167884767,0.01890142634510994,0.018575606867671013,0.0035908559802919626,0.7708479166030884,0.005951703991740942,0.13788127899169922,0.0018374135252088308,0.0227663591504097,Flute
07db7f16.wav,Flute,5.05125,0.005450391676276922,0.015186110511422157,0.02360529825091362,0.03112819604575634,0.004759431816637516,0.8580624461174011,0.007279370445758104,0.015768684446811676,0.013598606921732426,0.025161324068903923,Flute
dc6676ff.wav,Flute,3.7015625,0.004072031006217003,0.0032568275928497314,0.01701025292277336,0.009809237904846668,0.0020040255039930344,0.7730077505111694,0.0009955484420061111,0.060828421264886856,0.012304780073463917,0.11671117693185806,Flute
3eaddda8.wav,Flute,7.118625,0.10711482167243958,0.007058215793222189,0.0438779853284359,0.03722185268998146,0.007369491271674633,0.487825483083725,0.01587085984647274,0.19775140285491943,0.026940900832414627,0.06896894425153732,Flute
1b93aeba.wav,Flute,2.85875,0.043670687824487686,0.0035056888591498137,0.0033858190290629864,0.007765659596771002,0.0035022380761802197,0.8838173747062683,0.0003673964529298246,0.028377115726470947,0.0014895389322191477,0.024118497967720032,Flute
c683f28f.wav,Flute,10.5218125,0.02446649596095085,1.9467131551209604e-07,0.00014407464186660945,0.0028124870732426643,1.4853994798613712e-06,0.95308518409729,1.4450515450903367e-08,0.015156540088355541,6.871095479255018e-07,0.004332785028964281,Flute
55d52a69.wav,Flute,5.8359375,0.0032435376197099686,0.013848800212144852,0.01305839791893959,0.018612142652273178,0.006264789961278439,0.7991747856140137,0.01757180318236351,0.10628237575292587,0.002458771225064993,0.01948476955294609,Flute
ca8653d2.wav,Flute,8.2004375,0.027203237637877464,0.004206501413136721,0.023023033514618874,0.006767421029508114,0.008956900797784328,0.7219229936599731,0.004947747569531202,0.175913468003273,0.0005572472000494599,0.026501547545194626,Flute
6b27a847.wav,Flute,9.857125,0.000589189410675317,0.0007372379186563194,0.004854298196732998,0.007089569233357906,0.0003592443827074021,0.9633099436759949,0.0005213331896811724,0.01599646918475628,0.0015187569661065936,0.0050241099670529366,Flute
4bcc8a77.wav,Flute,2.034875,0.1645708680152893,0.00046674039913341403,0.003985314629971981,0.005943188909441233,0.0016382683534175158,0.6714192628860474,0.0002558459236752242,0.10247447341680527,0.0053372750990092754,0.04390878230333328,Flute
84f5b84b.wav,Flute,9.2466875,0.0015896623954176903,8.301183811454393e-07,0.002592961536720395,0.0033657297026365995,3.319346797070466e-05,0.9805702567100525,9.406525691701972e-07,0.01040949858725071,3.915064326065476e-07,0.0014366059331223369,Flute
5d73ee6f.wav,Flute,8.5130625,0.07564034312963486,0.02041996642947197,0.05699294060468674,0.029945729300379753,0.017114823684096336,0.4617924392223358,0.030123166739940643,0.16811132431030273,0.0466710664331913,0.09318840503692627,Flute
5d040c3b.wav,Flute,4.76925,0.0681380033493042,0.0014178401324898005,0.02205580845475197,0.0002055228833341971,0.010898709297180176,0.79229736328125,1.7507269376437762e-06,0.07868983596563339,0.0021343526896089315,0.02416081540286541,Flute
6a037ddf.wav,Flute,5.849875,0.007744351401925087,0.022951267659664154,0.02735448069870472,0.014096200466156006,0.012298891320824623,0.7074822783470154,0.00701491255313158,0.15863250195980072,0.008362140506505966,0.03406285122036934,Flute
35e97db3.wav,Flute,2.33225,3.463777102297172e-05,0.0002903597487602383,0.005990403704345226,0.010715448297560215,0.00013424870849121362,0.9597555994987488,0.004707325249910355,0.015981463715434074,9.997527740779333e-06,0.00238058902323246,Flute
d14f5df1.wav,Flute,13.3286875,0.056049320846796036,0.00253027374856174,0.024859480559825897,0.005186834372580051,0.003522994928061962,0.625169575214386,0.002044971566647291,0.23508676886558533,0.002590842079371214,0.042959265410900116,Flute
9f522cda.wav,Flute,4.389125,0.016187911853194237,0.0025223386473953724,0.006590005476027727,0.08511431515216827,0.002325710142031312,0.6666570901870728,0.007871235720813274,0.13882169127464294,0.004029111471027136,0.0698806568980217,Flute
fe76c972.wav,Flute,8.1844375,0.015765933319926262,0.00421706261113286,0.012562434189021587,0.011428050696849823,0.004448404535651207,0.7787156105041504,0.005390596576035023,0.1570577472448349,0.00011386926780687645,0.010300291702151299,Flute
562d93f5.wav,Flute,7.1684375,0.012191441841423512,0.007441569585353136,0.021115977317094803,0.02292216755449772,0.002380493562668562,0.7648798823356628,0.0015394770307466388,0.11874035000801086,0.014676648192107677,0.034112170338630676,Flute
fa32109e.wav,Flute,9.454875,0.019747013226151466,0.006771395914256573,0.027036061510443687,0.018395492807030678,0.004636049270629883,0.7617394328117371,0.008269845508038998,0.12184286117553711,0.011342691257596016,0.02021915093064308,Flute
b4b2b68d.wav,Flute,8.8060625,0.1286722719669342,0.0029037529602646828,0.08406481146812439,0.007855749689042568,0.03567246347665787,0.5852243900299072,0.0015849951887503266,0.1413031816482544,0.003201798303052783,0.009516458958387375,Flute
af227d6f.wav,Flute,7.9315,0.038243040442466736,0.00022393913241103292,0.02014094591140747,0.011602510698139668,0.0030976131092756987,0.7273410558700562,0.0016208260785788298,0.17015355825424194,0.001362380338832736,0.026213983073830605,Flute
85d6a7d2.wav,Flute,7.8854375,0.04310150444507599,0.0005567434127442539,0.01506433729082346,0.009755434468388557,0.0015559346647933125,0.7144326567649841,0.007786866743117571,0.1867915242910385,0.0004027309187222272,0.02055221050977707,Flute
3707da71.wav,Flute,7.7140625,0.056558188050985336,0.0034498199820518494,0.031964704394340515,0.08423496782779694,0.017685314640402794,0.5491441488265991,0.04028487205505371,0.14231014251708984,0.032204873859882355,0.042163047939538956,Flute
61c914b1.wav,Flute,4.051125,0.00047817276208661497,0.002090355847030878,0.007526987232267857,0.053875554352998734,0.0004264384915586561,0.9182701110839844,0.001153047545813024,0.010479039512574673,0.0004129371081944555,0.0052874102257192135,Flute
f5e20dce.wav,Flute,8.8,0.314346581697464,0.011893062852323055,0.12415055185556412,0.011284232139587402,0.031406376510858536,0.12265696376562119,0.0032352840062230825,0.27665945887565613,0.03334765508770943,0.07101980596780777,Acoustic_guitar
b0d9849d.wav,Flute,8.7459375,0.0169630479067564,0.007380544673651457,0.017197271808981895,0.021948423236608505,0.0030389302410185337,0.7992224097251892,0.0017684228951111436,0.08466175943613052,0.0031203285325318575,0.0446990467607975,Flute
6ef82473.wav,Flute,13.0120625,0.14125317335128784,0.0017421436496078968,0.027204740792512894,0.006612461991608143,0.03450615331530571,0.5453974604606628,0.023972177878022194,0.19390715658664703,0.0007108326535671949,0.024693623185157776,Flute
8986cced.wav,Flute,4.0296875,0.005829681176692247,0.003731250064447522,0.001171395182609558,0.007872018031775951,0.0027198889292776585,0.9475399851799011,0.00026182219153270125,0.011556525714695454,0.0021292695309966803,0.01718807965517044,Flute
a64a3740.wav,Clarinet,5.8901875,0.00010348646173952147,7.456662842741935e-07,0.000269757496425882,0.8285943269729614,1.880946001620032e-05,0.15206383168697357,0.0007613851339556277,0.00028245645808055997,0.015727626159787178,0.0021773355547338724,Clarinet
ad7ec8cb.wav,Clarinet,6.8400625,8.315637387568131e-05,5.633462407672596e-08,5.394120671553537e-05,0.9836344122886658,3.122876296401955e-05,0.011312004178762436,3.509722591843456e-05,0.0001280113501707092,0.0007865721127018332,0.003935657907277346,Clarinet
8ee44fb5.wav,Clarinet,3.4391875,0.01376795768737793,4.898429661892578e-09,0.0001756269921315834,0.9282934665679932,5.102481372887269e-05,0.007400249596685171,5.098834776617878e-07,0.04771898686885834,0.0001990950695471838,0.0023930598981678486,Clarinet
7eb959ec.wav,Clarinet,8.0010625,0.022137600928544998,0.006795791443437338,0.009535239078104496,0.8334387540817261,0.018291490152478218,0.026898160576820374,0.0041684978641569614,0.0649590864777565,0.0038988390006124973,0.009876532480120659,Clarinet
e51e1770.wav,Clarinet,5.03475,0.0037588325794786215,0.00011163548333570361,0.0001576567447045818,0.8845650553703308,0.0003378276596777141,0.011296279728412628,0.009896183386445045,0.06228462606668472,0.008312547579407692,0.019279388710856438,Clarinet
3f7e6da8.wav,Clarinet,5.072625,0.023345904424786568,0.0002124098828062415,0.003438054583966732,0.9443929195404053,0.008617616258561611,0.005167871713638306,0.0013567230198532343,0.002388272900134325,0.008609146811068058,0.002471189945936203,Clarinet
3cbe9902.wav,Clarinet,6.665125,0.02024400234222412,0.016898849979043007,0.03129725158214569,0.8041554689407349,0.026592344045639038,0.006564476992934942,0.0002069961919914931,0.008589829318225384,0.01470498088747263,0.0707457959651947,Clarinet
9a722e53.wav,Clarinet,9.277625,0.009538495913147926,3.1653792120778235e-06,0.004164600279182196,0.9454650282859802,0.004329039249569178,0.0019370951922610402,8.079354074652656e-07,0.03394416719675064,0.00028311749338172376,0.000334501382894814,Clarinet
19105b8a.wav,Clarinet,4.82,0.039750516414642334,0.0017287209630012512,0.02699831686913967,0.7874371409416199,0.03503958880901337,0.038549650460481644,0.0003031267842743546,0.04049350693821907,0.01826702244579792,0.011432342231273651,Clarinet
1f81cc2b.wav,Clarinet,18.6844375,0.01198404747992754,0.00019682820129673928,0.01539661269634962,0.7993807792663574,0.008281591348350048,0.08183107525110245,7.059914059937e-05,0.07304081320762634,0.003940478898584843,0.005877296905964613,Clarinet
44c5094c.wav,Clarinet,3.5778125,0.009597480297088623,4.610797077475581e-08,0.002193227643147111,0.6017290353775024,0.0002753864391706884,0.030214037746191025,1.4900282394592068e-06,0.355815589427948,1.0700424354581628e-05,0.00016306921315845102,Clarinet
5506629f.wav,Clarinet,2.2451875,0.03488806635141373,0.007981368340551853,0.055245541036129,0.6324449777603149,0.11630556732416153,0.023471908643841743,0.0015374032082036138,0.053838469088077545,0.02712433971464634,0.04716230556368828,Clarinet
ddf23920.wav,Clarinet,4.7643125,0.0002568333293311298,1.4255996347856126e-06,0.0014091089833527803,0.9395695924758911,1.8166958398069255e-05,0.021443001925945282,0.0007206648006103933,0.008151289075613022,4.194457869743928e-05,0.028387950733304024,Clarinet
2e1cd085.wav,Clarinet,4.394875,0.00026585633167997,8.375079119105067e-07,6.782219861634076e-05,0.8633747696876526,8.260205504484475e-05,0.10904150456190109,0.0007622770499438047,0.0007175076752901077,0.02349192649126053,0.002195044420659542,Clarinet
dc981a38.wav,Clarinet,5.9145625,0.05209391936659813,0.0015629755798727274,0.05769253522157669,0.42346981167793274,0.029574885964393616,0.26552414894104004,0.0005351653089746833,0.11713194102048874,0.00215921294875443,0.050255388021469116,Clarinet
a053797b.wav,Clarinet,4.5495625,0.14131565392017365,2.929090747727514e-09,7.249127520481125e-05,0.8543881773948669,0.00032990568433888257,0.0006412835791707039,4.088434479854186e-08,0.0025751865468919277,0.0003531381080392748,0.00032419338822364807,Clarinet
f2310f0d.wav,Clarinet,11.816125,0.1451844722032547,0.025174228474497795,0.01080311182886362,0.7472707629203796,0.004781775176525116,0.0013014853466302156,9.209882409777492e-05,0.008460022509098053,0.004501150920987129,0.05243087187409401,Clarinet
ce65d6b5.wav,Clarinet,2.7844375,0.003983393777161837,7.680781095587008e-07,0.0002050001494353637,0.8096741437911987,0.001208482775837183,0.02060106210410595,1.4454085430770647e-06,0.16139870882034302,0.0017254279227927327,0.0012015440734103322,Clarinet
45de3233.wav,Clarinet,5.3540625,0.024362381547689438,0.022253694012761116,0.030731305480003357,0.7915298938751221,0.03662898764014244,0.012772643007338047,0.0003271671594120562,0.018603704869747162,0.011765765957534313,0.0510244220495224,Clarinet
8916ffcd.wav,Clarinet,4.07675,0.005100415553897619,3.4326330666800686e-09,0.0001303974277107045,0.8792141675949097,4.0895756683312356e-05,0.019317880272865295,1.1604674554632766e-08,0.09237737208604813,3.4089793189195916e-05,0.0037847193889319897,Clarinet
e43f7db2.wav,Clarinet,7.88,0.0007964734104461968,1.6651582654958474e-06,0.010575992055237293,0.8700426816940308,7.680252747377381e-05,0.018623827025294304,0.00012187504762550816,0.08932515233755112,0.00010489912529010326,0.010330703109502792,Clarinet
3c66098d.wav,Clarinet,4.0209375,2.2611038730246946e-05,1.8260307115269825e-06,0.0017073405906558037,0.19383490085601807,3.229569847462699e-05,0.7993523478507996,0.0009285858832299709,0.0013426156947389245,1.2691669937225925e-08,0.0027774374466389418,Flute
ad42e493.wav,Clarinet,5.0683125,0.03762538358569145,7.098687638062984e-05,0.0011412500170990825,0.9429745674133301,0.00016775247058831155,0.0010307678021490574,0.00010054049198515713,0.002947830595076084,0.01007747557014227,0.0038634708616882563,Clarinet
740e5bb7.wav,Clarinet,10.9948125,0.029823245480656624,0.0226067416369915,0.0995900109410286,0.5872402191162109,0.043692246079444885,0.08449733257293701,0.0043584308587014675,0.07949288934469223,0.006912514101713896,0.04178634285926819,Clarinet
800b401e.wav,Clarinet,6.5066875,0.07693804800510406,0.0008046329021453857,0.02119670994579792,0.5546232461929321,0.2467576265335083,0.023973705247044563,0.000104568935057614,0.03992120176553726,0.02436382882297039,0.011316445656120777,Clarinet
3c713bcf.wav,Clarinet,5.5179375,0.009704643860459328,0.00026480204542167485,0.009573346003890038,0.9507907629013062,0.004822721239179373,0.010414878837764263,0.0003513642877805978,0.005024730693548918,0.005281273741275072,0.0037715125363320112,Clarinet
2fc00271.wav,Clarinet,3.7861875,0.013928201980888844,0.0003597468894440681,0.013539541512727737,0.8847950100898743,0.018857281655073166,0.018688684329390526,0.0073105329647660255,0.02548784203827381,0.011652660556137562,0.00538052199408412,Clarinet
b0c06255.wav,Clarinet,3.831,0.04012173414230347,0.0006335611105896533,0.008099371567368507,0.17339758574962616,0.0006720834062434733,0.1985103040933609,0.002039665821939707,0.5298503041267395,0.014794095419347286,0.03188119828701019,Saxophone
71c6451f.wav,Clarinet,2.420875,0.0001165650028269738,1.9391918613109738e-06,0.0003797215467784554,0.750268280506134,1.754130244080443e-05,0.15843325853347778,7.264753367053345e-05,0.009023320861160755,0.00014891599130351096,0.08153778314590454,Clarinet
5de123c3.wav,Clarinet,2.9316875,0.014652669429779053,5.3485338867176324e-05,0.0028838831931352615,0.3825448155403137,5.212022733758204e-05,0.1066819280385971,0.0002299357729498297,0.41398873925209045,0.03120766580104828,0.04770476371049881,Saxophone
